   1.0000000e+00  -8.3545465e-01   5.4902250e-02   1.0504342e+00   1.2195475e+00  -1.1948694e+00   1.1580431e+00   7.0886072e-01  -2.4549608e-01  -1.2619855e-01   5.8905470e-01
   2.0000000e+00  -7.4830990e-01   1.6799496e+00   6.0947599e-01   8.4745168e-01   5.6500500e-01  -1.8145489e+00   1.1571861e+00   2.8586200e-01  -1.2713348e+00  -2.1252801e+00
   2.0000000e+00  -3.3858907e-01  -1.1564572e+00   1.1208194e-01  -1.0182891e-01  -1.1950032e+00  -8.2960652e-01   1.0444748e+00  -2.0333041e+00  -6.1145671e-01  -3.1932037e-01
   2.0000000e+00  -7.7802453e-01   9.4436566e-02  -1.2363989e+00   2.0198681e+00  -1.3984330e+00   6.6437633e-04   9.7480836e-01  -7.0770799e-01  -6.2169903e-01   4.4300730e-01
   2.0000000e+00   2.9775643e-01   1.4116790e+00  -9.1266274e-01  -1.2704709e-01  -1.0097916e+00   2.2616352e-01   3.0556331e-01  -1.4330251e+00  -1.0146956e+00  -2.8833307e-01
   1.0000000e+00   3.3003188e-01   6.2268922e-01   7.6156379e-01  -6.3375370e-01  -1.5144962e+00   2.4198508e-01  -5.1886428e-01  -5.9632234e-01   9.9023738e-01  -5.4477256e-01
   2.0000000e+00  -1.1355898e+00  -2.1738592e+00  -1.8602484e+00   4.2739788e-01   2.5127291e+00  -1.6180577e-01  -3.4584875e-01   1.4177290e+00  -7.6554947e-01   2.4172498e-01
   2.0000000e+00  -1.1009149e+00  -6.2735631e-01   8.3852018e-01  -7.7597168e-01   1.7498302e-01  -2.0075535e+00   1.4381502e+00  -1.0665818e+00  -9.5785131e-01   8.5765485e-02
   2.0000000e+00  -1.7789386e+00   1.0742961e+00  -2.1757775e+00  -1.4812011e+00   7.3993571e-01  -1.9897088e-01  -1.1419962e-01   3.0488037e-03  -8.2694021e-01   1.1408083e-01
   2.0000000e+00   9.2388302e-01  -5.2612099e-01  -2.0827208e-01  -1.3499312e+00   9.8138023e-01   1.3321042e-01   5.2760181e-01   1.3646357e+00   5.3731698e-01  -2.4970878e-01
   2.0000000e+00   1.5353971e-03  -1.5378462e-01   6.8995188e-01  -1.4684586e+00  -2.0418068e-01   2.0663757e+00   1.4010594e+00   2.0290757e-01  -1.4674427e+00  -5.9515393e-01
   2.0000000e+00   1.7575774e-01   1.8539603e+00   1.0108361e+00   1.1705735e+00   1.1269421e+00   1.6523122e+00   2.1222009e-01  -1.0423985e+00  -6.5709752e-01   4.2143924e-01
   2.0000000e+00  -3.5595549e-01  -1.1380257e+00   2.2248913e+00   7.2381719e-01   4.2657728e-01  -1.8115194e-01   4.4115855e-01   1.3544896e-01   2.6795291e-01  -2.3009059e-01
   1.0000000e+00  -8.9806146e-01   1.6241694e-01   8.6371198e-02   1.0612440e+00  -2.2270343e+00   5.6140005e-02   1.3766546e+00   9.7044786e-01   2.0480276e+00  -5.0593718e-01
   2.0000000e+00   6.9337090e-01  -1.9699441e+00  -3.0338972e-02  -3.9271238e-01  -5.2755584e-02   1.1503523e+00   1.0456187e+00   4.2539589e-03  -3.5520321e-01   8.3701071e-02
   2.0000000e+00  -6.7645596e-01  -1.2578311e+00  -1.3660216e+00   9.5834304e-01   1.4510711e+00   5.0354741e-01  -1.6361593e-01   2.2851165e+00  -5.7429720e-02   1.8930913e-02
   2.0000000e+00  -1.4221507e+00   9.4620502e-01   5.0227419e-02   1.0353790e+00   2.2416189e-02  -1.2727481e+00   8.7288495e-01   1.4203773e-01   1.1369850e+00   5.7308981e-01
   2.0000000e+00  -7.5232316e-01  -6.8721112e-01  -1.2659473e+00  -1.0978566e+00   1.7509456e-02   1.4270601e+00  -1.5870559e-01  -2.2990676e+00   1.2785187e+00   1.2232512e-01
   2.0000000e+00  -1.2050286e+00   3.2231543e-01  -9.7552578e-01  -2.7747720e-01  -4.8459118e-01  -1.1920591e-01   3.3594782e-01   1.2343387e+00   4.3077486e-01  -1.1743120e+00
   2.0000000e+00   7.6752140e-01  -4.1371126e-02  -4.8583774e-01   7.9189318e-01   1.4905486e+00   3.9656077e-01   1.0198591e+00  -1.5694054e+00  -1.3420921e+00  -2.1903016e-01
   2.0000000e+00  -1.8372017e-02  -3.4801090e-01  -5.3949417e-01   3.2122751e-01  -1.8307705e+00   7.1043683e-01   4.7248039e-01   1.2832740e+00  -1.2480830e+00  -2.8462608e-01
   2.0000000e+00  -1.7419482e+00   6.6094746e-01   2.0874040e-01   4.9777141e-01  -4.5798836e-01  -1.1831971e+00   8.4653294e-01  -1.8854561e+00  -2.6767807e+00   6.8902226e-01
   2.0000000e+00   9.4051105e-01   7.8892483e-01  -4.5333219e-01   1.7966319e+00  -7.9974530e-01   1.4933971e+00  -9.4514658e-01   8.5504929e-01   8.9726757e-02   6.4216812e-01
   2.0000000e+00  -5.1661446e-01  -5.9048866e-01  -9.0040107e-02  -1.2089204e+00  -2.4329879e+00  -8.2559285e-01  -4.2197906e-01  -3.7245505e-01   1.0107559e+00  -1.5147776e-01
   2.0000000e+00  -2.4154147e-01  -3.3730067e-01  -7.1503629e-01  -8.1312897e-01   7.3986276e-01  -4.5248429e-01   1.0996555e+00  -1.2090034e-01   4.8328360e-01  -1.1853530e+00
   1.0000000e+00  -2.1864436e-01   3.1639596e-01  -2.5449677e-01  -9.7518677e-01  -9.6421725e-01   3.2849200e+00  -9.4307189e-01   9.3083194e-01   1.0389903e+00  -2.5748427e-01
   2.0000000e+00  -3.0754117e-01  -4.9141040e-01   4.5629356e-01  -1.6218678e+00   1.3608432e+00   6.7013133e-02   3.8277824e-01  -1.5157167e-01  -3.3343047e-01   1.6526085e+00
   2.0000000e+00   1.6162517e+00  -6.1509441e-01  -1.4328862e+00   8.7205250e-01  -1.0933452e+00   1.5812069e+00   6.6113909e-01   6.3298286e-03   1.9688041e+00   5.5472360e-02
   2.0000000e+00   5.4696368e-01  -1.7591508e-02  -1.3072573e-01   1.4226330e+00   8.6772758e-01   1.9014126e+00   5.0504917e-01   1.8181526e+00   9.7786791e-01  -1.1841191e+00
   2.0000000e+00   9.0055201e-01  -2.2706794e+00  -9.3830467e-02   2.4695385e-01  -1.0417309e+00  -1.7985558e+00  -5.1698379e-01   2.0402134e-01   6.3038295e-01  -8.2878047e-01
   2.0000000e+00   3.5261961e-01   4.1831896e-01   4.8360652e-01   1.8291268e+00  -1.4507349e+00   9.8884728e-01   8.1840271e-01   1.0301944e+00  -8.9984681e-01   9.7874615e-01
   2.0000000e+00   8.5146013e-01   1.3734910e+00   4.4342897e-01   7.8997822e-01   2.2607522e+00  -2.0744778e+00  -2.1262207e+00   1.4396828e+00   6.8473534e-01  -3.2802010e-01
   1.0000000e+00  -2.3161729e+00   5.5019652e-01   1.1694719e-01   4.7857158e-01   4.2281530e-01   7.4651550e-01   3.3761993e-01  -2.8124036e-01  -2.6105029e-01  -2.7459374e-01
   2.0000000e+00  -1.4116231e+00   6.4720623e-01  -1.0610176e-01   2.3500919e-01  -1.3547564e-01   1.2254615e+00   4.0800721e-01   2.1932748e-01  -6.2398961e-01   9.7135426e-01
   2.0000000e+00  -1.2718254e+00  -2.7633132e-01  -2.1702982e-01   4.0571968e-01  -1.7033908e-01   2.1482955e+00  -2.6270940e-01  -1.3753851e+00  -1.4578561e+00   2.3488815e-01
   2.0000000e+00  -1.1840369e+00   1.3117037e+00  -1.8084559e-01  -7.0952860e-01  -1.3946488e-02  -5.3070631e-02  -8.2615592e-01   3.5038457e-01  -8.6479446e-01   4.6408313e-02
   1.0000000e+00   2.2638640e+00   3.4979491e-01   1.4448334e+00  -5.2164356e-01  -1.6519490e-01  -5.7573585e-01   2.5763220e-02   1.1201701e+00   1.5307755e-01  -5.6026465e-01
   2.0000000e+00   1.5571749e+00  -8.7490270e-01   5.5263880e-01   7.1361140e-01  -2.6863141e+00   9.6785152e-01   3.1121577e-01  -4.7191145e-01  -1.3795875e+00   1.0333599e+00
   2.0000000e+00   2.0533802e+00  -1.0332532e+00   2.4709609e+00  -5.9003020e-01  -1.9110440e+00  -1.4398071e+00   2.8771927e-01  -4.4687499e-01  -8.1995692e-01   2.5901571e-01
   2.0000000e+00   7.2369526e-01   9.8499877e-01   5.1626422e-02  -3.8405148e-01  -3.5538332e-01  -1.0220775e-01  -1.3982254e+00  -5.2802696e-01  -7.0402212e-01  -1.2389894e+00
   2.0000000e+00  -1.1033440e+00   1.0523267e+00   1.5487574e-01  -3.2877102e-02   1.2274204e+00  -1.3731489e+00  -1.6640425e+00   6.0053794e-01  -2.0570635e+00   7.7454808e-01
   2.0000000e+00   3.8100921e-01   1.0210975e+00  -1.7303629e-01   9.6543361e-01  -1.9252139e+00  -4.7447695e-01   1.3879049e+00  -7.1607560e-01   1.6398652e+00   1.1494883e+00
   1.0000000e+00  -6.5926503e-01   2.7660833e-02  -9.5474380e-01   1.5361633e-01   1.3897066e-01   2.0364929e-01  -1.1675357e+00   1.2470242e+00   8.5554928e-01  -8.0886289e-01
   1.0000000e+00   1.0083255e+00   2.3535508e-01   1.0115260e-01  -8.5056752e-01   4.8310184e-01  -1.3277410e+00   4.1383077e-01  -1.5661108e+00   6.7539607e-01   5.2119668e-01
   2.0000000e+00  -8.1538026e-02   9.2548779e-01  -4.5475463e-01   1.9825941e+00   1.0675167e+00   8.2039670e-01  -5.6644661e-01  -9.6784516e-02  -7.5686043e-01   1.7283774e-01
   2.0000000e+00   8.7898576e-01  -6.4093223e-01  -1.3302582e+00   3.0878468e-01  -7.3105555e-02  -1.2971462e+00  -1.0349500e-01   6.5875249e-01  -2.1584471e+00   1.1297703e-01
   2.0000000e+00  -2.5281157e-01  -3.5256788e-01  -3.8236407e-02   1.2462856e+00   1.5633164e+00  -2.5219325e-01   1.4345519e-01   1.0248898e+00  -2.0084786e+00   2.2478612e+00
   2.0000000e+00   1.2256968e+00  -5.2638993e-01  -2.4838919e-01  -1.7276928e+00  -2.8047901e-01   1.3348854e+00   1.7033716e+00   7.7563877e-01  -1.0285908e+00  -3.5350351e-01
   2.0000000e+00  -1.6306167e+00  -1.2974305e+00  -1.7861081e+00   8.6017125e-01   1.2177029e+00  -2.3281526e-01  -1.2370495e-01   1.2583289e+00  -5.9009314e-02   7.3583553e-01
   2.0000000e+00   1.3082391e+00  -2.0624710e+00  -1.1347648e-02  -2.3718993e-01   6.9721133e-01  -7.6684356e-01  -6.9340441e-01   1.2475093e-01   6.6555737e-02   8.9522254e-01
   2.0000000e+00   1.5404076e-01  -1.5526979e+00   1.5500164e+00   8.7676641e-01   3.5301040e-01  -2.4254557e-01   1.5548647e+00  -1.6480758e+00  -2.7566283e-01   3.5159178e-01
   1.0000000e+00  -8.7713169e-01   6.9352914e-02   1.3441527e+00   6.0026396e-01   3.9175521e-01   1.7399389e-01   3.1670865e-02  -1.0985922e+00   7.5299696e-01  -3.5995644e-01
   2.0000000e+00  -7.5991866e-01   1.2771450e+00   4.1136791e-01   8.6109332e-01  -4.0370064e-01   1.6443687e+00  -2.3667113e+00   1.1043351e+00   7.9565747e-01  -1.6509278e+00
   2.0000000e+00  -8.1434061e-01   4.0128920e-01   4.7867673e-01   5.7125775e-01  -1.2343372e+00  -8.3277691e-01   1.3219482e-01  -3.2932467e-01  -1.8097084e+00   1.6640963e+00
   2.0000000e+00   1.0789289e+00  -6.6940388e-01   1.4793196e+00  -5.1183240e-01  -3.0548541e-01   8.1136326e-03  -2.4914829e-01   8.6897490e-01  -8.3785287e-01  -5.8331870e-01
   2.0000000e+00   2.3609310e-01  -2.2503233e+00  -1.2575564e+00  -3.0704953e-01  -1.0494425e+00   1.1942917e+00   1.2781480e-01  -8.7410036e-02   8.5881221e-01  -1.7718946e-01
   2.0000000e+00  -1.4632114e-02   1.3098394e+00   2.1214087e-01  -3.6675966e-01   1.1207030e+00  -1.1757528e-01   1.0643649e-01  -1.7444844e-01  -4.8642008e-01  -1.6297612e-01
   2.0000000e+00  -3.6368872e-01  -3.5656524e-02  -7.4374227e-01  -1.3312751e+00  -4.6421773e-01   1.1682174e+00   9.8936016e-01   1.3340596e-01   1.6591026e+00   1.0199895e+00
   2.0000000e+00  -6.1139310e-01  -2.5356522e-01  -1.2086657e+00   7.3626875e-01   8.0631930e-01   6.9012145e-01  -9.0088172e-01   2.3314841e-01  -4.3500989e-01   1.4266351e-02
   1.0000000e+00  -3.3376958e-01   7.2609377e-01   1.7709057e+00  -1.2073822e+00  -2.6739971e-01  -3.6231861e-02   8.0026951e-01   1.5769042e+00  -3.9094236e+00  -5.0500436e-01
   1.0000000e+00   1.3365468e+00   5.3190840e-01  -1.9052989e-01   2.0153353e-01  -1.2057520e+00  -1.5206240e+00   4.8742306e-01   1.7660648e+00   3.6843440e-01   3.4195493e-01
   2.0000000e+00   1.0606501e-01  -3.3747098e-01  -1.3062800e+00   7.2555305e-01  -2.2508435e-03   5.3283539e-01  -1.8482319e+00   1.1014482e+00  -1.2741814e+00  -5.2294164e-01
   2.0000000e+00  -1.0692659e+00  -4.6881871e-01  -3.9885722e-01   1.5897454e+00   1.5081550e-01  -1.0625091e+00  -1.0681221e+00   1.9941899e+00  -2.1247203e+00   4.2815779e-02
   2.0000000e+00  -1.4649756e+00   7.0350328e-02  -2.5075953e-01  -1.5157702e-01  -8.6433361e-01  -5.4878472e-01  -6.5179938e-01  -6.8964954e-01  -1.8865499e+00  -2.1021924e+00
   2.0000000e+00  -7.2764960e-01  -3.3703925e-01  -3.8746266e-02  -4.0190228e-01   9.8938082e-02   5.4648040e-01   5.8577502e-01  -3.8382471e-01  -1.0965413e+00  -7.2778800e-01
   2.0000000e+00   1.1707580e+00   1.0114927e+00   2.5231333e+00   6.2240884e-01  -1.4331627e+00  -6.4505359e-01  -1.2114280e+00   9.4315941e-01  -4.9552826e-02   6.6678079e-01
   2.0000000e+00  -3.8691083e-01  -6.4684719e-01  -1.4199086e+00  -1.1496147e-01   5.1706849e-01  -2.8234356e+00  -1.2607075e+00   5.2825238e-01   3.6052671e-01  -1.3187428e+00
   2.0000000e+00   4.2699156e-01  -1.6485545e+00  -3.4300809e-01  -1.9328858e-01  -5.1764546e-01   5.7170247e-01  -8.8593640e-01  -9.0514670e-01  -1.1002279e+00   7.7776214e-01
   2.0000000e+00   1.2793992e+00  -8.0947327e-01   5.0571352e-01   2.1382618e+00   5.0891397e-01  -8.2349283e-01   1.2368922e+00  -1.2382207e+00  -2.0690152e+00   1.4098232e+00
   2.0000000e+00  -2.5181281e-01   4.0443423e-01   7.5729853e-01  -1.7599021e+00   1.2929385e+00   2.6031053e-01   1.8729270e-01   1.1872097e+00   6.4281816e-02  -1.3334451e+00
   1.0000000e+00   2.2096403e-01   3.3517928e-01  -1.4799566e+00  -3.0792638e-01   9.0420365e-01   6.6187580e-01  -1.2482784e+00   1.9347253e-01  -1.1905502e-02  -3.0454647e-01
   2.0000000e+00  -1.4460829e+00   2.4020141e-01   1.4201564e-01  -4.7061743e-01  -8.5051820e-01  -4.2655779e-01   9.6387564e-02  -8.7937676e-01  -4.0091157e-01   9.8814757e-01
   2.0000000e+00   2.1775751e+00  -1.1237537e+00   9.6587685e-02  -1.3194378e+00   5.8013618e-01  -1.6289287e+00  -6.6173691e-02   5.8412295e-01   9.9335446e-02  -8.4697917e-01
   2.0000000e+00   8.9801922e-01   6.1074619e-01  -1.7002424e+00  -1.0122143e+00   1.0618457e+00  -1.1204198e+00   6.1462392e-02  -2.0491617e+00   1.7499935e-01   1.5761080e+00
   2.0000000e+00   3.8791191e-01  -5.5862113e-01   3.5363223e-01   4.4173538e-01   1.6682725e+00  -1.3410908e+00  -1.9871756e+00  -7.4019790e-01   8.7806561e-01  -1.1170621e+00
   2.0000000e+00  -4.2483819e-01   2.6882723e-01  -2.9179940e-01   2.1590894e-02   6.7876587e-01  -8.7545580e-01   5.7931908e-01   2.6380577e-01   4.9432351e-01   2.0134449e+00
   2.0000000e+00  -1.2377118e-01  -1.9073557e+00   1.9670418e-01  -2.8920728e-01   1.1221186e+00  -3.6575571e-01  -1.8303756e-02   1.3612426e+00   5.0099401e-01   8.6721635e-01
   2.0000000e+00  -1.9117231e+00  -9.6468066e-02  -6.9407351e-01  -5.4771316e-01  -2.0680307e-01  -5.0264782e-01   2.0232150e-01  -3.1589655e-01   7.5956971e-01  -3.6370642e-01
   2.0000000e+00  -1.3340170e+00   1.3216771e+00  -6.8306558e-01  -1.8504238e+00  -3.2065136e-01   4.5905765e-01   1.1165914e+00  -1.1493042e+00   7.7144233e-01   1.7525492e-01
   2.0000000e+00  -3.4199456e-01   4.0218634e-01   5.5399242e-01   6.0574830e-01   2.5361488e-01  -3.3017886e-01  -9.1140904e-01  -8.7307611e-01  -2.6306669e-02  -1.7901301e+00
   2.0000000e+00   7.4934325e-01  -3.0255313e-01   1.2126869e+00   3.1147548e-01  -2.2834988e-01   8.1026228e-01  -3.4151586e-01   3.4673470e-01  -1.5187927e+00   5.9919784e-01
   2.0000000e+00   1.2278987e+00  -4.4864867e-01  -1.7921261e-01   6.3911052e-01  -3.1057881e-01  -1.1004498e-01   1.0383999e+00   3.0806660e-01  -1.0036708e-01  -2.0927190e-01
   2.0000000e+00  -1.3168153e+00  -6.8698743e-01  -6.7319342e-02  -2.2524436e-01  -1.4202037e-01   7.5041633e-01   1.3749436e+00  -4.3955179e-02   6.2287143e-01   2.8891313e-01
   2.0000000e+00  -8.0810838e-01  -1.3377852e+00  -2.8991994e-01  -1.0403835e+00   8.6188054e-01   5.3939456e-02   1.7000349e+00  -2.0593119e-01  -8.0599507e-01  -2.0176362e+00
   2.0000000e+00  -1.6295943e+00  -1.1054675e+00   6.2875801e-01   7.4573227e-01  -3.2264990e+00   2.2052656e-01   7.9482476e-01  -1.5080519e+00   9.6674055e-01   1.4223982e+00
   2.0000000e+00   1.0974529e+00  -1.0272522e+00   1.2556861e+00  -4.1876646e-01  -1.0860474e+00  -1.0315925e+00   6.3850277e-01   9.6406400e-02  -8.5524949e-02   1.0575033e+00
   1.0000000e+00   9.5844778e-01   2.3784996e-01   1.4467704e+00   6.2463224e-01  -1.5985730e+00   9.6660052e-01   1.1206521e+00   4.4929493e-01   2.9266519e-01   4.2673516e-01
   2.0000000e+00   8.1606248e-01   1.5699553e+00   8.4302813e-01  -1.5971511e+00  -3.6403102e-01   9.1272776e-01   1.1084889e+00  -1.5615477e+00  -4.4436410e-01   5.9046089e-02
   2.0000000e+00  -1.0931422e+00  -1.1679860e-01  -1.6751720e+00   4.0425763e-01   1.1420747e+00   1.6972532e+00   2.9656511e-01   2.8797246e-01  -2.4472043e-01  -1.4230224e+00
   1.0000000e+00   4.5483872e-01   3.9679729e-01  -1.1143574e+00   5.8731136e-01  -6.3600694e-01  -1.8461564e+00  -1.2731177e-01  -1.4447238e+00  -1.0733262e+00  -1.2712015e-01
   2.0000000e+00  -4.9998879e-01   1.0681668e+00  -1.4380831e+00   7.0420046e-01  -5.7051658e-01  -3.4534653e-01  -4.9959167e-01  -2.1038627e-01  -1.3331511e+00   7.8628462e-01
   2.0000000e+00  -1.4121151e+00  -6.2411650e-01   1.1756316e-02   1.3284841e+00  -1.9443830e-01  -9.0994884e-01   1.0256893e+00  -1.7017333e+00  -7.5354593e-02   1.9820560e-01
   2.0000000e+00   1.5368633e+00  -7.7799780e-01   1.6334649e-01   1.1858690e+00   1.2512206e+00   3.6746841e-01  -1.1074541e+00  -6.2489871e-01   3.6637714e-01   1.7972559e+00
   2.0000000e+00  -2.4400015e-01  -4.2788294e-01   1.7003706e+00  -1.1109373e+00   1.3398371e+00  -1.2188957e-01   1.3595647e+00  -2.8776419e-01   3.5828685e-01   4.7236574e-02
   2.0000000e+00  -1.1611392e+00  -4.0039937e-01  -5.1530856e-02  -5.3968073e-01   2.0920479e+00   1.3490608e+00   4.3844130e-01   4.7394589e-01   5.0581671e-01  -7.3826545e-01
   2.0000000e+00   8.5180653e-01  -7.1266967e-01  -4.2662235e-01   8.1056348e-01   4.9734994e-01   1.0239864e+00  -3.8251013e-01  -1.3306345e+00   9.3377464e-01   4.1850962e-01
   2.0000000e+00  -5.2829436e-01  -4.9031555e-01   8.7464121e-01   2.1778930e-01  -8.4968962e-01  -1.2336888e+00  -1.8768161e+00   4.1681346e-01   1.0077654e+00   1.7678902e+00
   1.0000000e+00  -6.5031233e-01   2.4393960e-01   5.4214776e-01  -4.3469288e-01  -2.2364135e-01  -7.6438419e-01  -2.3890200e-01  -3.1943405e-01  -2.6234690e-01   1.0290007e-01
   1.0000000e+00   1.1373827e+00   3.7634331e-01   1.1794322e+00  -4.7202063e-01  -1.5155435e+00   8.5214477e-01   1.4770568e+00  -1.7654194e+00  -7.2620159e-01   2.0291007e-01
   2.0000000e+00   5.1131640e-02   2.2093539e+00  -4.9673950e-01  -2.7153473e+00  -1.7537698e+00  -3.6048372e-01   2.7449447e-01  -2.5904743e+00   1.6824658e+00   5.7686706e-01
